INSERT INTO Monthly_Usage
    VALUES (
	'January',
	'"{data:[19,36,21,27,40,53,39,46,29,34,33,22,50,51,46,57,37,37,26,25,40,31,56,31,55,41,26,56,30,19]}"'
      );

53,
34,
52,
32,
55,
20,
49,
34,
39,
47,
32,
27,
20,
57,
29,
57,
34,
46,
56,
47,
45,
40,
47,
37,
33,
26,
50,
37,
57,
42

38,
40,
35,
57,
36,
47,
48,
23,
23,
50,
51,
48,
23,
39,
32,
23,
47,
30,
48,
29,
39,
31,
33,
57,
38,
56,
19,
50,
29,
21

32,
30,
45,
38,
36,
33,
28,
27,
41,
50,
33,
23,
46,
45,
29,
28,
29,
31,
54,
34,
54,
29,
54,
47,
30,
37,
39,
55,
46,
30

46,
34,
37,
47,
21,
28,
40,
25,
29,
42,
26,
25,
56,
26,
28,
21,
31,
49,
56,
52,
28,
28,
43,
34,
47,
39,
41,
55,
44,
55,
